23 3 11
22 2 25
8 24 15
3 30 9
1 22 25
2 24 19
4 24 12
3 20 11
20 8 13
7 20 13
23 1 10
21 6 16
14 16 5
8 21 13
6 24 18
30 2 19
23 5 17
7 23 11
20 4 12
25 10 1
5 22 17
6 22 16
30 4 9
7 21 14
46 43 31
45 42 51
35 32 29
46 52 49
39 42 37
45 44 38
32 50 47
46 40 48
40 29 32
28 40 31
43 39 37
41 27 35
26 41 34
41 29 33
27 44 35
52 45 51
43 26 34
43 28 31
40 47 48
39 52 51
26 42 36
42 27 36
47 52 48
28 41 33
76 54 70
74 53 69
66 68 74
55 72 63
53 75 69
66 63 72
100 78 85
54 74 70
99 77 93
72 56 64
98 77 84
61 60 54
74 57 70
56 76 64
62 61 56
96 79 87
57 76 70
65 67 73
98 78 94
83 84 77
96 80 86
84 85 78
98 81 92
85 86 80
100 80 88
83 86 95
99 79 83
82 96 89
100 82 91
60 59 53
91 92 81
100 81 94
91 89 97
58 72 64
90 87 99
66 69 75
58 76 67
66 65 73
68 67 57
75 55 63
62 59 71
113 247 234
116 247 155
235 164 247
247 108 234
125 248 174
240 168 248
248 107 239
174 239 114
113 249 155
106 249 153
152 154 249
249 116 155
111 250 220
195 223 250
223 169 250
250 120 220
206 182 131
132 251 206
189 205 251
251 130 182
126 252 175
241 166 252
166 240 252
175 240 125
227 230 149
128 253 227
232 216 253
253 150 230
164 157 108
110 254 164
254 136 222
254 128 157
218 211 142
143 255 218
198 221 255
255 118 211
210 245 139
135 256 210
237 228 256
256 150 245
138 257 217
209 184 257
257 124 208
217 208 137
144 258 179
202 226 258
258 148 229
179 229 149
125 259 185
174 151 259
259 105 171
185 171 123
119 260 165
161 151 260
260 114 163
165 163 122
186 225 145
144 261 186
224 200 261
261 146 225
129 262 204
236 163 262
262 114 239
204 239 107
177 183 135
133 263 177
263 132 199
183 199 134
156 152 106
118 264 156
264 120 158
264 109 152
183 237 135
183 244 265
265 146 200
265 147 237
109 266 154
158 169 266
266 121 159
154 159 116
180 236 129
103 267 180
242 201 267
267 122 236
215 210 139
143 268 215
212 177 268
268 135 210
112 269 243
136 269 231
233 223 269
243 223 127
115 270 197
194 195 270
270 111 193
197 193 102
165 203 119
122 271 165
201 196 271
271 101 203
204 219 129
107 272 204
168 162 272
272 145 219
178 238 115
178 245 273
245 216 273
273 104 238
126 274 184
175 185 274
185 172 274
184 172 124
193 221 102
111 275 193
220 167 275
275 118 221
232 207 104
128 276 232
222 231 276
276 112 207
134 277 244
190 242 277
277 103 214
244 214 146
115 278 194
238 207 278
278 112 243
194 243 127
142 279 213
211 156 279
279 106 173
213 173 137
110 280 192
235 159 280
280 121 233
192 233 136
170 161 119
131 281 170
187 171 281
281 105 161
131 282 187
182 188 282
282 124 172
282 123 187
134 283 190
199 191 283
283 101 196
190 196 117
149 284 227
229 160 284
284 108 157
227 157 128
119 285 170
101 285 203
285 132 206
285 131 170
130 286 188
181 213 286
286 137 208
188 208 124
129 287 180
145 287 219
287 146 214
287 103 180
113 288 176
234 160 288
288 148 246
176 246 138
145 289 186
140 289 162
289 141 202
186 202 144
197 178 115
102 290 197
198 215 290
178 215 139
179 224 144
149 291 179
230 228 291
291 147 224
113 292 153
176 217 292
292 137 173
153 173 106
205 181 130
133 293 205
212 218 293
293 142 181
138 294 209
246 226 294
294 141 241
209 241 126
307 441 349
441 310 349
441 304 429
302 441 428
319 442 434
434 362 334
442 301 362
368 433 442
307 443 347
443 300 347
443 303 346
310 443 349
305 444 389
444 321 389
363 417 444
314 444 414
376 400 325
445 326 400
399 383 445
324 445 376
320 446 435
435 360 335
434 360 446
369 434 446
424 421 343
447 322 421
410 426 447
344 447 424
351 358 302
448 304 358
448 330 386
322 448 351
405 412 336
449 337 412
415 392 449
312 449 405
439 404 333
450 329 404
422 431 450
344 450 439
332 451 403
403 378 320
451 318 378
411 402 451
338 452 396
396 420 335
452 342 420
373 423 452
319 453 368
368 345 308
453 299 345
379 365 453
313 454 355
454 299 355
454 308 345
359 357 454
419 380 339
455 338 380
394 418 455
340 455 419
323 456 430
430 357 316
456 308 357
301 456 398
377 371 329
457 327 371
457 326 383
377 393 457
346 350 300
458 312 350
458 314 361
303 458 346
431 377 329
377 438 328
459 340 438
341 459 431
303 460 352
352 363 314
460 315 363
348 353 460
430 374 323
461 297 374
395 436 461
316 461 430
404 409 333
462 337 409
371 406 462
329 462 404
306 463 425
463 330 425
417 427 463
321 463 437
309 464 388
388 389 321
464 305 389
391 387 464
397 359 313
465 316 359
390 395 465
295 465 397
413 398 323
466 301 398
356 362 466
339 466 413
432 372 309
467 333 372
410 439 467
298 467 432
320 468 369
369 379 319
366 379 468
378 366 468
415 387 296
469 305 387
361 414 469
312 469 415
401 426 298
470 322 426
425 416 470
306 470 401
328 471 384
384 436 311
471 297 436
438 408 471
309 472 432
432 401 298
472 306 401
388 437 472
336 473 405
405 350 312
473 300 350
407 367 473
304 474 429
429 353 310
474 315 353
386 427 474
355 364 313
475 325 364
365 381 475
299 475 355
325 476 376
376 382 324
476 318 382
317 476 381
328 477 393
393 385 326
477 295 385
384 390 477
343 478 423
423 354 342
478 302 354
421 351 478
313 479 397
479 295 397
479 326 385
364 400 479
324 480 375
375 407 336
480 331 407
382 402 480
323 481 413
413 419 339
481 340 419
297 481 374
307 482 428
428 354 302
482 342 354
370 440 482
339 483 356
483 334 356
483 335 360
380 396 483
372 391 309
484 296 391
409 392 484
333 484 372
418 373 338
485 343 373
422 424 485
341 485 418
307 486 370
370 411 332
486 331 411
347 367 486
375 399 324
487 327 399
412 406 487
336 487 375
332 488 440
440 420 342
488 335 420
403 435 488
489 509 497
490 509 498
509 492 500
509 491 497
500 501 491
500 502 510
502 503 510
501 503 495
495 511 504
496 511 503
511 494 506
511 493 504
506 507 493
506 508 512
508 498 512
507 498 489
491 513 497
495 513 501
513 493 507
513 489 497
496 514 505
492 514 502
514 490 508
514 494 505
515 535 524
535 516 524
535 518 525
517 535 523
527 526 517
526 528 518
529 528 536
527 529 536
521 537 529
537 522 529
537 520 531
519 537 530
533 532 519
532 534 520
524 534 538
533 524 538
517 539 527
539 521 527
539 519 530
515 539 523
522 540 528
540 518 528
540 516 525
520 540 531
541 561 550
561 542 550
561 544 551
543 561 549
553 552 543
562 544 552
562 548 554
553 555 562
547 563 555
563 548 555
563 546 557
545 563 556
559 558 545
558 560 546
550 560 564
559 550 564
543 565 553
565 547 553
565 545 556
541 565 549
548 566 554
566 544 554
566 542 551
546 566 557
567 587 575
568 587 576
587 570 578
587 569 575
578 579 569
570 588 578
588 574 581
579 581 573
573 589 582
574 589 581
589 572 584
589 571 582
584 585 571
584 586 590
586 576 590
585 576 567
569 591 575
573 591 579
591 571 585
591 567 575
574 592 583
570 592 580
592 568 586
592 572 583
90 93 98
90 89 96
90 92 97
23 10 3
22 18 2
8 12 24
3 10 30
1 17 22
2 18 24
4 19 24
3 9 20
20 12 8
7 11 20
23 17 1
21 15 6
14 21 16
8 15 21
6 15 24
30 25 2
23 14 5
7 14 23
20 9 4
25 30 10
5 16 22
6 18 22
30 19 4
7 13 21
46 49 43
45 38 42
35 44 32
46 48 52
39 51 42
45 50 44
32 44 50
46 31 40
40 33 29
28 33 40
43 49 39
41 36 27
26 36 41
41 35 29
27 38 44
52 50 45
43 37 26
43 34 28
40 32 47
39 49 52
26 37 42
42 38 27
47 50 52
28 34 41
76 61 54
74 60 53
66 73 68
55 62 72
53 59 75
66 75 63
100 94 78
54 60 74
99 83 77
72 62 56
98 93 77
61 71 60
74 68 57
56 61 76
62 71 61
96 86 79
57 67 76
65 58 67
98 84 78
83 95 84
96 88 80
84 95 85
98 94 81
85 95 86
100 85 80
83 79 86
99 87 79
82 88 96
100 88 82
60 71 59
91 97 92
100 91 81
91 82 89
58 65 72
90 96 87
66 74 69
58 64 76
66 72 65
68 73 67
75 59 55
62 55 59
113 155 247
116 235 247
235 110 164
247 164 108
125 240 248
240 140 168
248 168 107
174 248 239
113 153 249
106 152 249
152 109 154
249 154 116
111 195 250
195 127 223
223 121 169
250 169 120
206 251 182
132 189 251
189 133 205
251 205 130
126 241 252
241 141 166
166 140 240
175 252 240
227 253 230
128 232 253
232 104 216
253 216 150
164 254 157
110 192 254
254 192 136
254 222 128
218 255 211
143 198 255
198 102 221
255 221 118
210 256 245
135 237 256
237 147 228
256 228 150
138 209 257
209 126 184
257 184 124
217 257 208
144 202 258
202 141 226
258 226 148
179 258 229
125 174 259
174 114 151
259 151 105
185 259 171
119 161 260
161 105 151
260 151 114
165 260 163
186 261 225
144 224 261
224 147 200
261 200 146
129 236 262
236 122 163
262 163 114
204 262 239
177 263 183
133 189 263
263 189 132
183 263 199
156 264 152
118 167 264
264 167 120
264 158 109
183 265 237
183 134 244
265 244 146
265 200 147
109 158 266
158 120 169
266 169 121
154 266 159
180 267 236
103 242 267
242 117 201
267 201 122
215 268 210
143 212 268
212 133 177
268 177 135
112 231 269
136 233 269
233 121 223
243 269 223
115 194 270
194 127 195
270 195 111
197 270 193
165 271 203
122 201 271
201 117 196
271 196 101
204 272 219
107 168 272
168 140 162
272 162 145
178 273 238
178 139 245
245 150 216
273 216 104
126 175 274
175 125 185
185 123 172
184 274 172
193 275 221
111 220 275
220 120 167
275 167 118
232 276 207
128 222 276
222 136 231
276 231 112
134 190 277
190 117 242
277 242 103
244 277 214
115 238 278
238 104 207
278 207 112
194 278 243
142 211 279
211 118 156
279 156 106
213 279 173
110 235 280
235 116 159
280 159 121
192 280 233
170 281 161
131 187 281
187 123 171
281 171 105
131 182 282
182 130 188
282 188 124
282 172 123
134 199 283
199 132 191
283 191 101
190 283 196
149 229 284
229 148 160
284 160 108
227 284 157
119 203 285
101 191 285
285 191 132
285 206 131
130 181 286
181 142 213
286 213 137
188 286 208
129 219 287
145 225 287
287 225 146
287 214 103
113 234 288
234 108 160
288 160 148
176 288 246
145 162 289
140 166 289
289 166 141
186 289 202
197 290 178
102 198 290
198 143 215
178 290 215
179 291 224
149 230 291
230 150 228
291 228 147
113 176 292
176 138 217
292 217 137
153 292 173
205 293 181
133 212 293
212 143 218
293 218 142
138 246 294
246 148 226
294 226 141
209 294 241
307 428 441
441 429 310
441 358 304
302 358 441
319 368 442
434 442 362
442 433 301
368 308 433
307 349 443
443 346 300
443 348 303
310 348 443
305 414 444
444 417 321
363 315 417
314 363 444
376 445 400
445 383 326
399 327 383
324 399 445
320 369 446
435 446 360
434 334 360
369 319 434
424 447 421
447 426 322
410 298 426
344 410 447
351 448 358
448 386 304
448 416 330
322 416 448
405 449 412
449 392 337
415 296 392
312 415 449
439 450 404
450 431 329
422 341 431
344 422 450
332 411 451
403 451 378
451 402 318
411 331 402
338 373 452
396 452 420
452 423 342
373 343 423
319 379 453
368 453 345
453 365 299
379 317 365
313 359 454
454 345 299
454 357 308
359 316 357
419 455 380
455 418 338
394 341 418
340 394 455
323 398 456
430 456 357
456 433 308
301 433 456
377 457 371
457 383 327
457 393 326
377 328 393
346 458 350
458 361 312
458 352 314
303 352 458
431 459 377
377 459 438
459 394 340
341 394 459
303 348 460
352 460 363
460 353 315
348 310 353
430 461 374
461 436 297
395 311 436
316 395 461
404 462 409
462 406 337
371 327 406
329 371 462
306 437 463
463 427 330
417 315 427
321 417 463
309 391 464
388 464 389
464 387 305
391 296 387
397 465 359
465 395 316
390 311 395
295 390 465
413 466 398
466 362 301
356 334 362
339 356 466
432 467 372
467 439 333
410 344 439
298 410 467
320 378 468
369 468 379
366 317 379
378 318 366
415 469 387
469 414 305
361 314 414
312 361 469
401 470 426
470 416 322
425 330 416
306 425 470
328 438 471
384 471 436
471 408 297
438 340 408
309 388 472
432 472 401
472 437 306
388 321 437
336 407 473
405 473 350
473 367 300
407 331 367
304 386 474
429 474 353
474 427 315
386 330 427
355 475 364
475 381 325
365 317 381
299 365 475
325 381 476
376 476 382
476 366 318
317 366 476
328 384 477
393 477 385
477 390 295
384 311 390
343 421 478
423 478 354
478 351 302
421 322 351
313 364 479
479 385 295
479 400 326
364 325 400
324 382 480
375 480 407
480 402 331
382 318 402
323 374 481
413 481 419
481 408 340
297 408 481
307 370 482
428 482 354
482 440 342
370 332 440
339 380 483
483 360 334
483 396 335
380 338 396
372 484 391
484 392 296
409 337 392
333 409 484
418 485 373
485 424 343
422 344 424
341 422 485
307 347 486
370 486 411
486 367 331
347 300 367
375 487 399
487 406 327
412 337 406
336 412 487
332 403 488
440 488 420
488 435 335
403 320 435
489 498 509
490 499 509
509 499 492
509 500 491
500 510 501
500 492 502
502 496 503
501 510 503
495 503 511
496 505 511
511 505 494
511 506 493
506 512 507
506 494 508
508 490 498
507 512 498
491 501 513
495 504 513
513 504 493
513 507 489
496 502 514
492 499 514
514 499 490
514 508 494
515 523 535
535 525 516
535 526 518
517 526 535
527 536 526
526 536 528
529 522 528
527 521 529
521 530 537
537 531 522
537 532 520
519 532 537
533 538 532
532 538 534
524 516 534
533 515 524
517 523 539
539 530 521
539 533 519
515 533 539
522 531 540
540 525 518
540 534 516
520 534 540
541 549 561
561 551 542
561 552 544
543 552 561
553 562 552
562 554 544
562 555 548
553 547 555
547 556 563
563 557 548
563 558 546
545 558 563
559 564 558
558 564 560
550 542 560
559 541 550
543 549 565
565 556 547
565 559 545
541 559 565
548 557 566
566 551 544
566 560 542
546 560 566
567 576 587
568 577 587
587 577 570
587 578 569
578 588 579
570 580 588
588 580 574
579 588 581
573 581 589
574 583 589
589 583 572
589 584 571
584 590 585
584 572 586
586 568 576
585 590 576
569 579 591
573 582 591
591 582 571
591 585 567
574 580 592
570 577 592
592 577 568
592 586 572
90 99 93
90 97 89
90 98 92